Vehicle Routing
Q7wCC, ./data/vrp_16_3_1, solver.py, Vehicle Routing Problem 1
5c314, ./data/vrp_26_8_1, solver.py, Vehicle Routing Problem 2
nUAU4, ./data/vrp_51_5_1, solver.py, Vehicle Routing Problem 3
QQs4z, ./data/vrp_101_10_1, solver.py, Vehicle Routing Problem 4
EV1zA, ./data/vrp_200_16_1, solver.py, Vehicle Routing Problem 5
5U5So, ./data/vrp_421_41_1, solver.py, Vehicle Routing Problem 6

1)
278.73 0
0 1 3 8 7 6 0
0 14 13 4 15 10 5 0
0 11 2 9 12 0

2)
607.65 0
0 23 1 6 14 0
0 2 4 25 10 0
0 17 5 7 0
0 12 11 8 9 0
0 22 18 24 0
0 3 0
0 20 21 13 16 0
0 15 19 0

3)
710.54 0
0 12 37 15 5 9 34 16 29 22 11 46 0
0 18 48 23 7 26 3 2 0
0 49 10 50 21 20 35 36 28 31 8 1 32 0
0 38 30 39 33 45 19 40 14 24 43 6 0
0 47 4 17 44 42 41 13 25 27 0

4)
1092.77 0
0 7 5 3 1 2 4 6 8 9 12 14 19 11 10 0
0 13 15 16 18 17 22 21 20 0
0 24 25 27 29 32 31 35 34 30 28 26 23 0
0 36 39 38 37 33 47 45 44 40 41 42 43 0
0 49 52 50 51 48 46 59 56 53 54 55 61 0
0 67 65 63 62 66 64 57 58 60 0
0 69 68 72 74 77 73 70 71 76 78 75 0
0 80 79 81 82 83 84 85 88 89 86 87 0
0 90 91 98 96 95 94 92 93 97 99 0
0 100 0

5)
3148.70 0
0 69 101 70 126 90 122 120 34 78 121 80 24 55 110 56 74 41 57 15 43 42 192 91 37 92 117 6 60 17 46 36 7 146 0
0 184 196 3 25 73 193 140 113 174 47 107 0
0 153 106 8 143 64 63 157 158 29 150 67 145 13 183 0
0 99 191 2 186 179 134 163 169 185 136 65 189 175 168 132 0
0 40 133 130 68 164 159 49 167 0
0 28 154 26 165 180 137 44 59 104 96 82 162 0
0 156 178 72 111 66 108 31 190 0
0 95 151 198 195 50 129 9 103 160 182 27 0
0 1 128 20 109 21 152 85 86 118 0
0 5 84 119 100 149 4 54 79 81 161 0
0 88 51 35 33 77 116 155 39 23 142 125 83 0
0 53 102 76 187 139 87 14 16 61 48 0
0 172 38 147 89 166 123 11 181 188 177 12 0
0 135 71 131 32 148 19 124 52 93 97 144 112 0
0 170 22 171 94 141 45 18 62 10 127 0
0 138 176 30 194 114 199 173 98 115 75 197 58 105 0



